0.jpg	33	31	83	81	100	100
351.jpg	68	42	145	119	192	185
300.jpg	162	38	209	85	340	224
301.jpg	150	51	275	176	350	244
103.jpg	95	40	185	130	350	301
81.jpg	162	54	243	135	350	238
6.jpg	83	22	111	50	190	140
79.jpg	90	98	229	237	251	333
36.jpg	125	33	188	96	350	249
9.jpg	75	24	103	52	194	143
10.jpg	82	38	140	96	320	240
179.jpg	34	106	163	235	300	337
220.jpg	122	0	314	192	350	402
83.jpg	240	51	303	114	350	251
154.jpg	193	76	307	190	350	327
409.jpg	185	19	249	83	350	378
16.jpg	35	21	62	48	112	140
77.jpg	115	106	239	230	350	395
19.jpg	95	14	203	122	350	232
368.jpg	103	43	156	96	199	198
415.jpg	80	144	283	347	350	466
23.jpg	69	51	140	122	350	287
370.jpg	77	185	257	365	350	491
26.jpg	174	64	241	131	350	237
27.jpg	51	82	79	110	135	200
28.jpg	43	37	136	130	200	160
29.jpg	101	84	236	219	287	320
32.jpg	123	0	254	131	320	224
58.jpg	177	23	255	101	350	192
209.jpg	45	60	180	195	350	267
40.jpg	99	41	150	92	225	294
225.jpg	168	58	233	123	350	262
374.jpg	135	99	242	206	350	264
210.jpg	171	45	227	101	350	290
461.jpg	13	65	264	316	350	350
55.jpg	7	27	60	80	100	100
157.jpg	57	123	220	286	320	392
59.jpg	106	28	161	83	300	200
62.jpg	61	90	89	118	150	227
119.jpg	210	66	283	139	350	248
68.jpg	105	31	148	74	200	134
70.jpg	26	27	148	149	163	163
76.jpg	69	48	106	85	160	239
80.jpg	93	135	178	220	350	350
269.jpg	42	28	134	120	284	432
85.jpg	132	30	169	67	294	189
88.jpg	73	85	141	153	203	269
89.jpg	147	48	219	120	240	180
90.jpg	82	72	179	169	284	400
92.jpg	146	38	194	86	350	248
93.jpg	45	67	167	189	350	251
95.jpg	92	35	132	75	250	247
96.jpg	57	46	114	103	174	170
101.jpg	24	39	83	98	191	149
314.jpg	39	64	129	154	300	255
111.jpg	29	35	91	97	175	142
112.jpg	59	89	165	195	345	450
460.jpg	103	34	173	104	350	262
408.jpg	125	60	195	130	350	338
118.jpg	176	83	247	154	350	397
439.jpg	101	75	177	151	350	496
122.jpg	83	24	112	53	172	180
525.jpg	136	114	201	179	350	290
126.jpg	130	44	196	110	328	259
517.jpg	76	275	177	376	350	461
284.jpg	128	73	214	159	320	240
131.jpg	128	50	172	94	320	240
132.jpg	56	23	94	61	150	226
134.jpg	33	68	115	150	150	200
139.jpg	169	86	236	153	350	465
142.jpg	64	20	93	49	110	120
143.jpg	45	63	98	116	131	200
146.jpg	173	48	254	129	350	232
148.jpg	227	33	274	80	350	251
149.jpg	107	38	132	63	150	129
150.jpg	173	36	227	90	350	263
151.jpg	67	26	93	52	180	180
156.jpg	138	35	200	97	350	425
158.jpg	115	114	149	148	260	320
165.jpg	148	65	214	131	350	236
169.jpg	20	51	130	161	300	369
171.jpg	121	31	167	77	300	199
231.jpg	104	112	307	315	350	467
173.jpg	144	76	198	130	350	233
175.jpg	69	41	114	86	216	300
178.jpg	83	34	111	62	160	230
182.jpg	64	28	124	88	350	194
184.jpg	186	110	268	192	350	269
192.jpg	108	36	135	63	216	159
193.jpg	119	192	196	269	250	313
484.jpg	79	102	159	182	340	587
274.jpg	42	77	259	294	320	392
204.jpg	66	5	93	32	128	118
207.jpg	33	25	68	60	103	131
212.jpg	11	51	98	138	159	200
340.jpg	91	71	161	141	240	353
224.jpg	26	63	137	174	153	269
233.jpg	100	30	149	79	195	146
239.jpg	123	68	154	99	266	200
246.jpg	126	31	168	73	350	262
248.jpg	152	65	251	164	350	246
249.jpg	23	31	91	99	105	112
251.jpg	113	26	150	63	172	124
252.jpg	169	51	272	154	335	220
253.jpg	141	53	220	132	300	339
256.jpg	25	46	113	134	200	265
411.jpg	90	77	179	166	350	523
263.jpg	57	45	118	106	200	150
268.jpg	53	26	89	62	140	174
273.jpg	68	39	103	74	180	211
277.jpg	58	67	167	176	253	300
440.jpg	216	77	291	152	350	350
286.jpg	105	33	163	91	250	326
527.jpg	107	100	179	172	350	356
290.jpg	39	17	64	42	125	159
292.jpg	65	94	99	128	350	252
296.jpg	87	133	257	303	350	386
299.jpg	89	37	120	68	180	158
302.jpg	170	20	208	58	320	213
308.jpg	105	37	130	62	146	130
313.jpg	72	152	106	186	350	282
366.jpg	108	154	231	277	350	397
316.jpg	132	39	180	87	296	420
317.jpg	150	85	237	172	340	420
318.jpg	61	26	87	52	192	163
320.jpg	269	143	334	208	350	247
326.jpg	27	63	96	132	146	190
327.jpg	78	64	141	127	350	241
498.jpg	158	46	232	120	320	240
336.jpg	187	60	223	96	321	242
338.jpg	58	35	125	102	186	139
339.jpg	14	38	81	105	203	152
341.jpg	30	36	103	109	153	139
345.jpg	144	51	175	82	200	178
353.jpg	210	59	248	97	350	240
355.jpg	74	58	102	86	175	198
358.jpg	200	84	244	128	300	235
359.jpg	102	21	144	63	180	126
365.jpg	128	36	152	60	200	149
369.jpg	54	100	124	170	336	446
377.jpg	144	60	219	135	350	237
379.jpg	96	57	150	111	350	261
385.jpg	91	37	131	77	350	257
388.jpg	58	58	113	113	165	165
389.jpg	102	50	130	78	198	196
406.jpg	121	143	262	284	350	464
412.jpg	147	50	220	123	350	183
413.jpg	164	58	226	120	350	410
417.jpg	281	219	311	249	350	348
423.jpg	150	171	178	199	267	336
424.jpg	92	42	131	81	350	281
428.jpg	105	39	141	75	300	247
433.jpg	32	41	57	66	130	129
436.jpg	96	34	128	66	240	159
437.jpg	61	66	123	128	350	289
453.jpg	132	53	172	93	350	262
463.jpg	133	139	262	268	350	464
465.jpg	164	52	217	105	350	330
466.jpg	45	51	73	79	150	150
475.jpg	190	132	225	167	290	262
479.jpg	149	42	187	80	330	243
481.jpg	64	40	93	69	145	160
482.jpg	245	91	291	137	350	257
492.jpg	94	134	244	284	350	510
493.jpg	152	76	241	165	350	240
501.jpg	98	50	129	81	240	160
503.jpg	36	39	110	113	136	249
506.jpg	139	79	203	143	350	249
507.jpg	48	42	104	98	200	233
515.jpg	136	298	162	324	270	396
529.jpg	117	47	179	109	248	319
531.jpg	59	69	233	243	350	337
