0.jpg	84	47	116	79	212	158
1.jpg	59	21	101	63	150	136
2.jpg	141	48	201	108	350	250
3.jpg	73	32	125	84	195	168
4.jpg	121	88	193	160	292	428
5.jpg	62	18	90	46	159	129
472.jpg	204	64	248	108	350	262
332.jpg	81	103	244	266	350	421
8.jpg	120	57	258	195	313	248
9.jpg	144	45	173	74	200	134
256.jpg	121	109	244	232	350	500
377.jpg	43	8	117	82	184	138
12.jpg	129	12	158	41	200	110
13.jpg	48	26	86	64	126	263
463.jpg	40	65	195	220	212	256
384.jpg	37	36	112	111	200	240
17.jpg	189	33	254	98	350	255
18.jpg	51	115	163	227	350	392
20.jpg	68	79	177	188	260	320
659.jpg	177	57	292	172	350	435
344.jpg	29	58	130	159	349	422
140.jpg	143	104	289	250	350	350
94.jpg	56	64	129	137	173	252
26.jpg	158	80	201	123	340	248
610.jpg	58	143	255	340	350	452
522.jpg	68	36	116	84	240	180
32.jpg	140	86	216	162	350	255
34.jpg	55	31	149	125	248	178
35.jpg	186	46	240	100	350	462
36.jpg	115	54	184	123	295	340
37.jpg	171	6	208	43	300	180
38.jpg	57	56	132	131	225	265
670.jpg	112	87	217	192	350	419
90.jpg	102	32	234	164	350	185
42.jpg	137	41	177	81	276	300
46.jpg	19	49	66	96	200	133
47.jpg	50	19	82	51	170	170
48.jpg	67	56	175	164	350	232
49.jpg	112	33	150	71	232	314
50.jpg	198	73	251	126	301	316
179.jpg	118	58	185	125	300	360
52.jpg	91	62	176	147	250	230
433.jpg	63	101	213	251	350	311
54.jpg	62	17	91	46	180	180
56.jpg	66	37	114	85	224	262
466.jpg	234	44	278	88	350	275
58.jpg	150	41	199	90	292	219
382.jpg	54	59	112	117	300	298
60.jpg	223	40	273	90	350	219
61.jpg	200	36	269	105	350	308
62.jpg	32	35	95	98	120	116
63.jpg	71	186	166	281	310	417
64.jpg	92	17	165	90	180	120
65.jpg	93	28	151	86	220	165
68.jpg	61	127	210	276	250	391
72.jpg	135	265	210	340	350	457
73.jpg	93	51	150	108	250	286
194.jpg	56	25	162	131	203	152
76.jpg	193	65	332	204	350	265
343.jpg	137	72	193	128	350	256
78.jpg	77	62	143	128	175	185
298.jpg	95	54	215	174	296	423
80.jpg	86	104	309	327	350	461
82.jpg	85	29	125	69	150	190
352.jpg	19	45	104	130	111	197
86.jpg	67	29	113	75	200	218
88.jpg	46	31	91	76	130	130
89.jpg	95	133	241	279	300	407
486.jpg	92	38	160	106	200	220
93.jpg	139	50	230	141	320	240
96.jpg	46	76	120	150	200	240
97.jpg	151	71	224	144	350	233
224.jpg	63	34	140	111	245	180
308.jpg	109	58	269	218	300	300
101.jpg	8	46	124	162	350	237
105.jpg	120	54	190	124	300	330
108.jpg	83	34	164	115	220	146
508.jpg	101	46	161	106	230	281
111.jpg	72	39	133	100	200	226
113.jpg	185	80	253	148	350	381
116.jpg	81	64	152	135	248	374
117.jpg	103	44	159	100	350	441
119.jpg	94	96	141	143	350	350
120.jpg	77	29	117	69	168	124
251.jpg	7	31	133	157	140	184
122.jpg	178	125	222	169	350	398
124.jpg	110	71	172	133	350	245
305.jpg	183	53	255	125	350	263
127.jpg	118	175	153	210	250	358
536.jpg	112	22	298	208	350	356
131.jpg	164	57	235	128	350	233
133.jpg	196	60	306	170	350	235
134.jpg	34	51	91	108	150	180
136.jpg	39	43	117	121	150	193
138.jpg	115	30	168	83	200	151
193.jpg	62	55	137	130	175	175
142.jpg	46	33	82	69	143	200
460.jpg	168	60	272	164	350	258
148.jpg	124	240	232	348	291	450
151.jpg	59	41	136	118	183	292
153.jpg	117	84	225	192	350	263
371.jpg	110	108	255	253	350	373
157.jpg	144	32	212	100	300	179
653.jpg	66	48	139	121	170	229
159.jpg	53	24	85	56	130	100
680.jpg	127	35	199	107	350	351
166.jpg	75	26	113	64	180	113
167.jpg	178	43	252	117	324	227
169.jpg	58	24	91	57	148	212
170.jpg	59	22	96	59	132	102
647.jpg	116	87	230	201	350	350
172.jpg	76	46	125	95	240	180
175.jpg	69	29	97	57	160	119
176.jpg	205	37	273	105	340	268
264.jpg	179	22	221	64	350	262
181.jpg	80	70	155	145	220	301
184.jpg	89	38	147	96	180	120
186.jpg	46	33	76	63	160	160
187.jpg	50	134	202	286	350	411
192.jpg	65	51	134	120	203	152
195.jpg	101	30	132	61	200	134
196.jpg	129	72	204	147	350	212
198.jpg	98	98	163	163	287	420
483.jpg	59	103	216	260	238	320
200.jpg	37	70	105	138	291	198
201.jpg	99	75	217	193	280	400
203.jpg	214	41	272	99	350	275
204.jpg	84	19	113	48	350	155
205.jpg	204	62	257	115	350	240
208.jpg	128	94	162	128	300	191
212.jpg	164	19	214	69	300	180
254.jpg	99	110	261	272	336	409
215.jpg	43	42	112	111	165	166
219.jpg	29	57	93	121	127	196
221.jpg	37	31	84	78	200	131
226.jpg	40	27	94	81	150	180
637.jpg	141	79	240	178	350	500
229.jpg	105	36	143	74	250	163
230.jpg	87	40	123	76	198	300
235.jpg	102	83	210	191	298	409
553.jpg	135	74	242	181	350	558
238.jpg	99	51	171	123	250	202
240.jpg	78	102	199	223	238	286
244.jpg	39	34	69	64	200	139
245.jpg	159	25	201	67	300	208
246.jpg	77	37	108	68	200	183
250.jpg	83	27	122	66	150	175
255.jpg	27	30	60	63	100	110
258.jpg	201	74	248	121	350	232
260.jpg	140	294	230	384	350	424
261.jpg	56	47	131	122	165	257
263.jpg	48	47	83	82	125	170
269.jpg	41	15	69	43	100	100
365.jpg	176	48	262	134	350	419
273.jpg	138	81	297	240	347	335
275.jpg	31	55	116	140	245	193
277.jpg	133	30	190	87	303	294
278.jpg	102	13	129	40	180	114
492.jpg	53	39	152	138	162	205
280.jpg	101	26	153	78	285	231
282.jpg	75	35	132	92	186	250
594.jpg	205	30	251	76	350	274
284.jpg	35	44	96	105	115	115
286.jpg	70	29	120	79	194	143
291.jpg	76	57	103	84	150	150
293.jpg	141	65	202	126	316	222
294.jpg	81	21	123	63	200	298
295.jpg	88	28	138	78	200	217
297.jpg	225	33	269	77	350	275
437.jpg	153	44	196	87	350	196
348.jpg	93	70	207	184	250	321
303.jpg	51	28	96	73	150	115
306.jpg	64	25	112	73	196	236
311.jpg	37	36	134	133	203	152
312.jpg	164	48	222	106	350	248
313.jpg	32	72	61	101	210	210
314.jpg	41	41	134	134	175	200
319.jpg	100	31	160	91	350	233
320.jpg	23	43	97	117	150	180
321.jpg	132	66	212	146	350	350
322.jpg	101	67	159	125	250	270
324.jpg	69	20	113	64	200	174
325.jpg	49	23	100	74	164	124
326.jpg	37	75	155	193	180	269
328.jpg	50	52	135	137	180	180
329.jpg	100	7	246	153	284	351
331.jpg	37	43	76	82	200	300
333.jpg	125	52	223	150	350	229
686.jpg	107	116	151	160	350	280
335.jpg	42	8	154	120	203	152
336.jpg	47	16	83	52	203	152
337.jpg	117	34	148	65	240	173
339.jpg	40	31	69	60	200	137
341.jpg	68	17	97	46	126	111
345.jpg	232	3	296	67	350	210
439.jpg	40	41	96	97	120	132
347.jpg	100	54	165	119	250	192
349.jpg	85	254	189	358	336	500
350.jpg	183	113	236	166	350	280
351.jpg	214	51	285	122	350	282
354.jpg	123	46	207	130	350	251
356.jpg	60	52	115	107	125	177
361.jpg	43	30	89	76	100	100
403.jpg	32	68	117	153	200	234
368.jpg	79	98	151	170	350	241
372.jpg	139	48	201	110	350	233
374.jpg	62	57	170	165	250	318
375.jpg	63	62	125	124	174	252
378.jpg	68	59	184	175	350	232
380.jpg	106	29	157	80	245	164
383.jpg	28	38	109	119	137	155
385.jpg	212	47	301	136	350	244
388.jpg	65	0	192	127	203	152
394.jpg	150	60	222	132	350	281
396.jpg	45	29	85	69	100	100
634.jpg	89	116	231	258	350	490
398.jpg	133	61	186	114	350	262
400.jpg	202	21	246	65	350	286
587.jpg	122	110	189	177	300	300
402.jpg	160	38	194	72	250	172
404.jpg	71	37	113	79	245	171
405.jpg	152	32	183	63	250	160
407.jpg	115	52	195	132	300	200
409.jpg	154	50	200	96	250	174
410.jpg	86	52	164	130	350	232
415.jpg	66	52	94	80	150	130
419.jpg	184	49	218	83	300	224
421.jpg	139	42	174	77	300	297
423.jpg	49	42	118	111	150	190
425.jpg	75	44	152	121	226	293
426.jpg	114	53	194	133	350	257
620.jpg	130	35	299	204	350	252
429.jpg	102	50	133	81	200	200
431.jpg	60	66	168	174	350	237
434.jpg	96	67	183	154	280	340
436.jpg	69	83	248	262	263	300
440.jpg	42	65	170	193	239	298
441.jpg	144	18	259	133	285	434
443.jpg	91	37	140	86	240	180
448.jpg	28	54	77	103	300	224
449.jpg	58	20	85	47	163	240
450.jpg	192	46	267	121	350	245
451.jpg	143	64	227	148	325	296
455.jpg	68	44	137	113	229	306
456.jpg	14	109	113	208	250	344
458.jpg	30	48	101	119	160	142
551.jpg	104	81	228	205	350	338
470.jpg	63	115	173	225	240	320
471.jpg	93	22	128	57	250	247
475.jpg	197	40	250	93	350	235
476.jpg	88	35	156	103	226	170
477.jpg	124	24	162	62	200	152
482.jpg	107	87	142	122	350	238
488.jpg	135	40	200	105	244	183
490.jpg	92	86	120	114	128	135
491.jpg	85	26	123	64	200	142
493.jpg	91	73	184	166	345	420
494.jpg	140	53	207	120	350	233
496.jpg	83	69	177	163	220	288
497.jpg	139	110	294	265	341	360
498.jpg	108	63	173	128	350	244
511.jpg	102	50	141	89	300	200
501.jpg	65	34	98	67	135	135
505.jpg	198	142	246	190	300	250
509.jpg	83	85	136	138	230	300
512.jpg	15	38	86	109	150	180
515.jpg	250	195	295	240	350	448
517.jpg	112	28	219	135	320	180
518.jpg	127	67	206	146	320	341
519.jpg	59	23	90	54	154	217
520.jpg	64	176	164	276	300	402
523.jpg	98	70	129	101	150	217
524.jpg	225	33	271	79	350	275
525.jpg	107	82	232	207	350	243
526.jpg	77	33	131	87	200	275
530.jpg	50	32	108	90	170	142
531.jpg	55	23	97	65	132	182
532.jpg	32	52	130	150	190	230
533.jpg	182	36	262	116	350	284
534.jpg	134	29	194	89	350	262
535.jpg	58	106	254	302	280	390
537.jpg	80	30	112	62	170	113
539.jpg	144	50	199	105	350	486
545.jpg	93	42	133	82	240	172
547.jpg	30	21	75	66	100	75
548.jpg	72	28	110	66	200	200
550.jpg	60	60	118	118	230	167
552.jpg	128	61	237	170	350	236
675.jpg	127	62	192	127	350	467
571.jpg	120	44	185	109	294	400
563.jpg	172	99	207	134	350	275
590.jpg	180	38	240	98	350	284
565.jpg	92	36	145	89	250	179
568.jpg	144	43	199	98	350	417
570.jpg	96	38	148	90	350	447
585.jpg	111	277	142	308	212	426
588.jpg	94	59	127	92	200	250
589.jpg	44	23	92	71	350	163
592.jpg	24	121	52	149	220	173
596.jpg	139	47	181	89	350	228
598.jpg	171	53	210	92	350	226
603.jpg	38	52	97	111	145	150
608.jpg	84	29	119	64	192	166
609.jpg	43	29	89	75	150	115
616.jpg	51	27	83	59	135	149
618.jpg	144	72	215	143	350	331
621.jpg	132	38	209	115	350	228
624.jpg	160	114	227	181	350	262
638.jpg	127	55	217	145	350	377
643.jpg	115	100	240	225	350	523
657.jpg	154	83	228	157	350	466
660.jpg	124	66	204	146	350	234
664.jpg	80	25	107	52	150	117
666.jpg	125	35	167	77	350	242
669.jpg	102	122	141	161	200	281
673.jpg	202	41	241	80	350	309
674.jpg	16	128	84	196	350	266
682.jpg	100	27	136	63	250	184
684.jpg	155	31	211	87	350	222
685.jpg	82	53	231	202	350	232
687.jpg	127	49	194	116	350	438
689.jpg	226	55	315	144	350	247
690.jpg	85	31	121	67	190	152
