265.jpg	32	80	117	165	200	271
1.jpg	45	53	109	117	170	201
2.jpg	79	41	107	69	196	143
3.jpg	81	56	116	91	229	172
131.jpg	135	96	203	164	317	450
122.jpg	148	42	207	101	350	350
199.jpg	204	65	256	117	350	241
323.jpg	110	82	226	198	300	450
8.jpg	51	67	124	140	220	325
207.jpg	19	65	138	184	166	219
10.jpg	140	126	231	217	350	463
339.jpg	175	36	227	88	274	206
12.jpg	128	69	202	143	350	238
13.jpg	118	62	198	142	250	190
14.jpg	145	42	229	126	300	206
15.jpg	16	60	113	157	162	227
16.jpg	71	96	209	234	350	433
266.jpg	95	37	126	68	225	151
18.jpg	22	42	64	84	100	120
19.jpg	90	32	127	69	244	183
315.jpg	85	46	142	103	241	247
310.jpg	161	131	214	184	350	448
22.jpg	68	30	100	62	120	156
110.jpg	98	140	276	318	350	456
144.jpg	145	132	243	230	290	314
26.jpg	161	113	206	158	279	345
30.jpg	175	73	278	176	325	289
31.jpg	64	43	93	72	150	150
254.jpg	157	80	227	150	350	344
35.jpg	40	48	121	129	150	172
36.jpg	82	66	155	139	350	466
37.jpg	77	47	133	103	350	233
39.jpg	44	62	148	166	194	220
40.jpg	138	67	195	124	270	323
41.jpg	24	44	92	112	100	139
42.jpg	57	35	116	94	175	131
43.jpg	43	29	95	81	162	285
87.jpg	69	107	190	228	250	360
46.jpg	48	31	97	80	150	150
73.jpg	37	92	184	239	218	286
105.jpg	154	46	201	93	350	250
49.jpg	134	91	189	146	198	225
50.jpg	42	49	96	103	200	160
52.jpg	96	77	221	202	270	330
53.jpg	94	46	158	110	250	191
54.jpg	37	29	89	81	125	166
57.jpg	47	70	188	211	350	238
58.jpg	96	26	143	73	205	249
155.jpg	167	50	243	126	300	236
60.jpg	61	41	118	98	170	237
63.jpg	31	53	130	152	171	181
65.jpg	81	60	136	115	240	312
66.jpg	28	23	57	52	140	123
67.jpg	95	40	136	81	240	180
70.jpg	98	56	164	122	250	250
71.jpg	82	35	118	71	150	166
72.jpg	73	42	132	101	230	190
74.jpg	118	60	152	94	275	184
75.jpg	84	18	111	45	160	108
161.jpg	129	53	202	126	320	300
79.jpg	183	37	218	72	350	180
80.jpg	83	63	175	155	288	338
81.jpg	42	37	73	68	127	170
302.jpg	104	101	185	182	350	242
88.jpg	7	62	90	145	160	240
89.jpg	116	36	143	63	170	113
91.jpg	122	138	287	303	350	495
92.jpg	18	34	75	91	105	105
93.jpg	66	36	108	78	180	234
94.jpg	40	189	228	377	350	461
95.jpg	29	41	78	90	100	133
96.jpg	204	86	290	172	350	246
97.jpg	149	29	187	67	240	180
98.jpg	84	30	113	59	200	136
99.jpg	95	50	156	111	200	151
100.jpg	126	65	240	179	300	310
101.jpg	68	58	95	85	245	203
103.jpg	40	23	73	56	123	102
243.jpg	57	98	226	267	280	280
109.jpg	150	68	200	118	292	365
111.jpg	45	54	121	130	186	242
112.jpg	26	90	137	201	160	241
113.jpg	24	30	81	87	108	108
115.jpg	141	23	201	83	320	240
118.jpg	110	63	173	126	320	256
120.jpg	71	35	96	60	170	126
126.jpg	176	33	311	168	350	233
127.jpg	50	65	79	94	112	147
128.jpg	181	30	243	92	350	447
129.jpg	84	28	114	58	156	102
132.jpg	194	30	294	130	350	233
134.jpg	59	69	169	179	200	299
137.jpg	90	37	131	78	240	180
139.jpg	18	47	119	148	200	259
146.jpg	69	40	118	89	192	190
148.jpg	108	58	171	121	350	408
187.jpg	66	64	176	174	240	240
150.jpg	119	68	170	119	310	290
151.jpg	85	38	124	77	299	420
153.jpg	80	68	174	162	220	316
154.jpg	30	76	127	173	200	242
156.jpg	122	59	153	90	320	213
157.jpg	134	34	160	60	203	152
274.jpg	104	83	188	167	300	395
159.jpg	131	21	158	48	218	200
160.jpg	35	48	131	144	180	289
162.jpg	56	115	143	202	200	294
166.jpg	60	35	101	76	150	225
168.jpg	216	104	269	157	330	273
171.jpg	74	25	101	52	178	106
174.jpg	127	18	151	42	200	150
175.jpg	178	58	230	110	350	246
176.jpg	54	64	92	102	150	219
177.jpg	52	153	251	352	308	396
178.jpg	51	45	94	88	187	186
179.jpg	66	31	110	75	151	220
181.jpg	164	79	232	147	350	262
184.jpg	70	34	100	64	151	186
186.jpg	72	22	118	68	200	150
188.jpg	30	122	223	315	350	413
190.jpg	118	44	200	126	350	232
191.jpg	57	26	108	77	150	140
193.jpg	160	82	225	147	350	467
194.jpg	206	75	292	161	350	265
198.jpg	153	113	258	218	350	518
200.jpg	155	73	197	115	350	281
204.jpg	155	24	217	86	300	200
206.jpg	88	58	127	97	150	281
209.jpg	170	40	249	119	350	244
212.jpg	27	36	60	69	100	131
213.jpg	115	35	160	80	320	240
214.jpg	119	138	152	171	250	330
216.jpg	65	83	118	136	241	288
217.jpg	128	68	169	109	253	183
218.jpg	28	109	185	266	225	300
219.jpg	59	75	149	165	220	289
220.jpg	136	0	188	52	256	108
221.jpg	135	33	163	61	200	237
223.jpg	105	42	168	105	200	264
226.jpg	89	86	190	187	265	239
228.jpg	77	65	172	160	250	219
230.jpg	87	24	118	55	212	226
231.jpg	30	39	83	92	115	144
232.jpg	183	101	253	171	300	401
234.jpg	121	25	161	65	225	150
235.jpg	55	24	85	54	140	196
236.jpg	84	64	144	124	193	240
237.jpg	226	5	308	87	350	152
238.jpg	105	78	186	159	250	373
239.jpg	144	45	205	106	350	286
241.jpg	62	97	101	136	157	240
246.jpg	86	77	149	140	240	250
247.jpg	132	75	200	143	250	250
249.jpg	110	50	139	79	180	240
253.jpg	155	47	239	131	300	199
257.jpg	90	64	166	140	300	399
258.jpg	93	33	123	63	185	251
260.jpg	40	33	73	66	162	216
262.jpg	30	24	101	95	135	102
264.jpg	126	44	184	102	350	247
267.jpg	89	39	125	75	240	220
268.jpg	124	154	209	239	350	476
340.jpg	109	61	160	112	290	482
278.jpg	105	65	178	138	240	371
279.jpg	71	43	113	85	180	202
283.jpg	211	84	258	131	300	224
284.jpg	9	140	134	265	350	421
294.jpg	102	129	228	255	350	437
289.jpg	134	35	190	91	243	247
307.jpg	117	79	252	214	350	456
292.jpg	56	151	246	341	350	452
293.jpg	118	124	247	253	350	350
296.jpg	162	157	221	216	350	321
299.jpg	201	84	266	149	330	244
301.jpg	223	46	267	90	350	277
305.jpg	162	65	236	139	350	421
306.jpg	89	39	222	172	350	233
308.jpg	44	60	133	149	180	180
309.jpg	192	64	225	97	350	233
313.jpg	151	49	193	91	350	288
314.jpg	156	46	229	119	350	279
317.jpg	82	76	172	166	245	291
348.jpg	145	42	281	178	350	233
319.jpg	80	36	110	66	160	120
320.jpg	30	105	98	173	170	217
322.jpg	51	18	79	46	199	132
326.jpg	78	23	110	55	150	225
329.jpg	41	17	67	43	110	110
332.jpg	140	44	195	99	350	235
333.jpg	94	3	126	35	149	100
334.jpg	176	46	238	108	350	256
335.jpg	162	47	203	88	350	196
338.jpg	22	30	67	75	111	122
345.jpg	205	36	279	110	350	176
349.jpg	187	46	240	99	350	264
