151.jpg	54	59	121	126	200	294
15.jpg	63	6	123	66	200	125
103.jpg	211	120	283	192	350	412
3.jpg	113	100	195	182	300	441
70.jpg	128	55	184	111	300	300
6.jpg	117	191	192	266	350	433
277.jpg	87	186	283	382	350	467
12.jpg	95	43	134	82	230	199
16.jpg	146	104	184	142	350	245
14.jpg	130	74	186	130	300	360
17.jpg	184	79	246	141	350	407
18.jpg	47	33	82	68	130	130
19.jpg	35	39	83	87	167	226
20.jpg	176	77	259	160	350	262
21.jpg	65	54	107	96	251	376
22.jpg	88	115	205	232	304	425
24.jpg	230	82	305	157	350	233
319.jpg	72	102	160	190	251	231
179.jpg	78	100	237	259	272	420
214.jpg	51	132	136	217	300	434
28.jpg	88	65	142	119	294	432
29.jpg	112	52	163	103	350	231
30.jpg	179	71	227	119	350	233
34.jpg	174	84	255	165	350	453
36.jpg	65	98	164	197	250	375
37.jpg	110	23	149	62	200	280
38.jpg	123	74	199	150	350	300
147.jpg	150	78	219	147	350	481
150.jpg	51	89	204	242	340	510
44.jpg	103	45	161	103	298	326
158.jpg	153	65	226	138	350	449
48.jpg	119	79	182	142	250	167
51.jpg	156	81	233	158	350	513
52.jpg	78	63	144	129	300	200
54.jpg	152	82	224	154	350	233
55.jpg	30	26	92	88	100	100
87.jpg	113	71	186	144	350	350
58.jpg	70	13	102	45	158	250
63.jpg	101	74	165	138	300	399
66.jpg	106	47	152	93	244	183
69.jpg	70	46	180	156	350	218
306.jpg	131	183	217	269	333	500
215.jpg	120	155	201	236	316	403
72.jpg	90	60	154	124	190	190
165.jpg	141	38	184	81	350	268
75.jpg	104	68	157	121	300	400
240.jpg	126	127	205	206	350	467
80.jpg	63	38	87	62	150	150
107.jpg	55	57	114	116	350	185
119.jpg	132	40	171	79	300	266
84.jpg	81	62	174	155	300	390
287.jpg	83	92	155	164	350	339
280.jpg	62	42	104	84	225	307
89.jpg	119	57	173	111	315	275
90.jpg	223	66	284	127	350	313
191.jpg	181	88	289	196	350	254
92.jpg	90	29	218	157	300	225
93.jpg	184	87	237	140	350	461
137.jpg	54	85	168	199	350	342
100.jpg	158	70	210	122	333	512
102.jpg	58	76	92	110	210	210
104.jpg	101	107	230	236	339	336
105.jpg	94	37	134	77	200	150
108.jpg	67	38	93	64	113	159
111.jpg	67	53	101	87	180	215
112.jpg	69	25	102	58	350	300
114.jpg	126	39	153	66	260	260
234.jpg	57	51	153	147	250	401
253.jpg	109	50	165	106	300	400
122.jpg	56	39	95	78	158	153
149.jpg	96	128	196	228	300	463
125.jpg	64	61	116	113	190	255
129.jpg	102	129	255	282	350	436
132.jpg	70	57	97	84	170	213
138.jpg	105	38	157	90	245	158
140.jpg	122	57	188	123	290	344
267.jpg	169	61	230	122	350	525
148.jpg	82	56	139	113	320	240
155.jpg	100	37	219	156	350	232
156.jpg	66	81	130	145	170	300
161.jpg	65	34	103	72	175	131
162.jpg	74	28	104	58	180	180
163.jpg	52	90	147	185	292	219
232.jpg	157	72	224	139	350	504
169.jpg	37	81	112	156	190	262
172.jpg	70	43	148	121	205	205
174.jpg	53	44	96	87	117	154
176.jpg	140	57	189	106	330	265
177.jpg	49	43	79	73	130	130
281.jpg	119	80	215	176	350	465
181.jpg	61	49	107	95	350	229
182.jpg	102	66	137	101	253	180
183.jpg	91	29	123	61	149	115
189.jpg	66	32	94	60	163	238
192.jpg	72	36	105	69	160	275
193.jpg	115	33	158	76	280	340
194.jpg	107	32	144	69	201	142
195.jpg	169	51	229	111	341	463
196.jpg	88	68	158	138	255	340
200.jpg	69	36	105	72	308	200
201.jpg	102	56	189	143	350	231
203.jpg	120	33	152	65	240	180
207.jpg	143	23	209	89	299	144
208.jpg	166	82	219	135	325	500
209.jpg	52	67	168	183	350	225
212.jpg	59	123	92	156	350	256
216.jpg	78	70	143	135	200	300
217.jpg	64	41	100	77	200	196
219.jpg	74	83	127	136	230	306
220.jpg	139	53	185	99	268	217
230.jpg	153	96	227	170	350	350
231.jpg	63	88	125	150	200	287
237.jpg	63	109	145	191	350	288
245.jpg	119	112	203	196	350	262
246.jpg	90	107	144	161	350	358
249.jpg	84	60	164	140	230	351
251.jpg	120	50	188	118	350	352
255.jpg	195	57	254	116	350	254
256.jpg	79	139	213	273	293	425
259.jpg	64	29	93	58	128	128
264.jpg	107	128	226	247	350	524
269.jpg	112	54	208	150	350	247
274.jpg	149	34	214	99	350	148
282.jpg	173	29	204	60	333	498
285.jpg	195	50	236	91	350	232
291.jpg	87	36	121	70	250	305
292.jpg	115	135	255	275	350	525
296.jpg	93	43	139	89	350	183
299.jpg	49	31	80	62	156	156
301.jpg	42	141	125	224	350	350
302.jpg	186	66	256	136	350	367
304.jpg	224	108	260	144	350	264
305.jpg	78	21	114	57	290	130
308.jpg	96	30	138	72	230	199
309.jpg	24	29	90	95	120	120
313.jpg	152	94	233	175	350	414
314.jpg	221	66	278	123	350	242
316.jpg	260	48	321	109	350	231
